a

a =

     1    -1     0     0
     0     1     0     0
     0    -1     1     0
     0    -1     0     1

b

b =

     1     0     1     0
     0     1     0     0
     0     0     1     0
     0     0     0     1

c

c =

    1.0000         0         0         0
         0    1.0000         0         0
         0         0    0.5000         0
         0         0         0    1.0000

d

d =

     2     0     0     0
     0     1     0     0
     0     0     1     0
     0     0     0     1

e

e =

     0     0     0     1
     0     1     0     0
     0     0     1     0
     1     0     0     0

f

f =

     1     0     0     0
     0     1     0     0
     0     0     1     1
     0     0     0     0

g

g =

     0     0     0
     1     0     0
     0     1     0
     0     0     1

B

B =

     1     2     3     4
     5     6     7     8
     9     1     2     3
     5     6     7     8

a*b*c*B*d*e*f*g

ans =

   -3.5000   -3.0000   -3.0000
    6.0000    7.0000    7.0000
   -5.5000   -6.0000   -6.0000
         0         0         0

exit
